1.845262851900177914e+00 7.670313147295836353e-01
1.016410081839292268e+00 1.203758141498253886e+00
6.055384856871306454e-01 1.001032786452973999e+00
9.995548070710342792e-01 1.226378468272896205e-01
1.508829002831746591e+00 1.300249257959774640e+00
6.872855130166202198e-01 9.142258694021394572e-01
1.252649687098375875e+00 8.693217924041765077e-01
8.786254606637267095e-01 2.733792937546046797e-01
1.277290155945943972e+00 1.061940452643519217e+00
1.137229961879981710e+00 2.367377340650799189e-01
1.825349845593237763e+00 1.077167767728179015e+00
8.064300283568059946e-01 2.014536110380555911e+00
9.773069850696769478e-01 2.746606504267126159e-01
7.973860722861566552e-01 -1.441575509858612492e-01
1.524698274671627329e+00 7.917628407399907031e-01
6.287232373977160726e-01 1.536235065787747711e+00
1.744622052970805637e-01 1.267714678163045505e+00
-3.220740156058776726e-02 6.689203301665955781e-01
3.978900772001336961e-01 1.730987813606762016e+00
1.883080438964666925e+00 8.352931240434674498e-01
1.420366621071767810e+00 9.100067993738247818e-01
1.284030943663990953e+00 6.235814017892675754e-01
1.458303984164720513e-01 9.845067076012947727e-02
1.191560925878756061e+00 2.123797526403850000e+00
1.134705815253943539e+00 7.376976902995737717e-01
1.956009431165970369e+00 1.118650923318596835e+00
1.050716992605807754e+00 1.126288867777658798e+00
9.338114012165764644e-01 8.452618297055598529e-01
2.825182669822229320e-01 1.250812061590520496e+00
9.526122747800529478e-01 1.596542961172005448e+00
8.155907657760768092e-01 4.681506073476593421e-02
9.501946840525677951e-01 1.849768648373340429e+00
8.082884385342437028e-01 5.550715694896253272e-01
4.032040388709084988e-01 4.749915944623133157e-01
8.499031315999184821e-01 4.100089532708973694e-01
1.748819557798791724e+00 8.586823819623097265e-01
1.054324185747365084e+00 1.719119760366878413e+00
1.751659260208455304e+00 8.936335164912195816e-01
1.165987107744249185e+00 1.367513292188679896e+00
9.035722698251098528e-01 1.109935735207456808e-01
1.327352851851554938e+00 1.447176152410266425e+00
1.207751307149005360e+00 5.382276716433911368e-01
9.019863438460172800e-01 7.046150905684316346e-01
8.501443813360862745e-01 1.648442596363336454e+00
1.764789816696577862e+00 1.334709096704830511e+00
1.274372559889164869e+00 1.338314494777942842e+00
9.938789066967784747e-01 9.621682692564668127e-01
6.631774063119630913e-01 9.720662749749630072e-01
2.129973493313130462e+00 1.434519664626912938e+00
8.289414882865684397e-01 7.640366739332392632e-01
5.677550042071271008e-01 1.187185174868787829e+00
1.195772846751290253e+00 2.784391714995309020e-01
1.243167598620851244e+00 7.152638647407514316e-01
1.713360578324417904e+00 1.078421991852091866e+00
1.858865024830117729e+00 7.709366035569953368e-01
8.560080667396093856e-01 1.149904176134949996e+00
1.527974149582269181e+00 1.282941244313702933e+00
3.832380281362185448e-01 1.091450350807383396e+00
1.011122369270280208e+00 7.854657032220040414e-01
6.759473535538199629e-01 1.873788619674322309e+00
8.048067593192183011e-01 5.770386814360961569e-01
1.318556416406220233e+00 1.065311488631126569e+00
9.620930668470411007e-01 1.390650905525246284e+00
1.244312707946342744e+00 1.181095000475546275e+00
1.482100242195704576e+00 1.141818211917395187e+00
6.915390254547636451e-01 8.188588857901382134e-01
7.395138323478440689e-01 1.104861028488300256e+00
4.610075528746472306e-01 8.378701663571186398e-02
1.044077462299197734e+00 3.317397250221528759e-01
2.401095072743741898e-02 1.186665391908344080e+00
6.444734019382296619e-01 1.248062711119537926e+00
7.345731240376804916e-01 4.390188058972100960e-01
3.782412430719921392e-01 7.425363886481445297e-01
8.633085968771101459e-01 5.882699579919032917e-01
8.594460435932905762e-01 2.319488518937626864e-01
1.007244472488138198e+00 1.031756290998105952e-01
9.030718415228844442e-01 1.348647054889787977e+00
1.545969401122411657e+00 1.857190123434545814e+00
2.218561765756539295e-01 1.379362600277242779e+00
1.603141097057923403e+00 1.490278492418983136e+00
5.353380924468806867e-01 1.205898415557989489e+00
1.930027836113572537e+00 2.513631788217024488e-01
1.238168850128626097e+00 1.556145242829541253e+00
6.517044921706982574e-01 1.291485151642977725e+00
4.645537460025647158e-01 5.938957092841306018e-01
5.914598765855763052e-01 1.096153849409459591e+00
9.545093669836161032e-01 1.477057603861032353e+00
5.298604428805293587e-01 9.343621749537507348e-01
1.480538231806753036e+00 1.280388586117472638e+00
3.376793322093845084e-01 1.332601842478855714e+00
7.607910600977171311e-01 1.192693268947324636e+00
1.150340207511454160e+00 1.609659441984314432e+00
1.058279969867684356e+00 7.309706424614692555e-02
3.150701405104028296e-01 1.365577192713695265e+00
8.708418333811944745e-01 1.568989530047031566e+00
1.136719408965512157e+00 6.254671320272369162e-01
1.541203379861607381e+00 5.963011592354197088e-01
-2.631775413767201144e-02 2.031897775531423811e+00
4.462556118890215195e-02 1.318206429489659604e+00
1.469425884479336419e+00 1.073532931550795988e+00
1.158301578180955804e+00 3.507507467730444972e+00
1.279228141680767372e+00 2.328185717554766665e+00
1.819165843667516658e+00 3.394252287058498574e+00
2.150056952865396998e+00 3.405384142893759236e+00
1.778178084726478314e+00 2.913908356722020088e+00
1.431431605917400596e+00 2.841567273388661885e+00
2.296564075904947710e+00 2.850085973012440377e+00
2.237729777407307719e+00 2.713362874225240251e+00
1.703804203605124190e+00 3.019584324863791469e+00
1.902559248595854680e+00 3.296192621300729098e+00
2.089145120802980315e+00 3.870173147696411853e+00
1.890252747744499473e+00 2.886373675121849836e+00
1.479934468107402257e+00 3.011388983709593070e+00
2.341414469336099646e+00 2.629852179296819248e+00
1.975163868620186225e+00 3.359278380089918414e+00
1.936545425494654138e+00 2.740431349425886953e+00
2.486546575390101488e+00 3.048509782778132227e+00
2.198282252871441411e+00 3.585696725105259386e+00
2.572657959234816438e+00 2.826397908762988909e+00
1.737285140263540750e+00 3.142154466666065460e+00
1.933606232380600254e+00 2.050069340358826153e+00
2.637680867332943713e+00 3.009680663749628504e+00
2.368188983324233110e+00 2.413541717859915003e+00
2.644101779379196770e+00 2.705868596968846518e+00
1.946166463263336199e+00 2.299287665136311443e+00
1.916525131634206236e+00 2.885098033654614369e+00
1.907319730424140269e+00 3.219252371377909316e+00
2.030172923934251195e+00 3.487891312547541034e+00
1.765920907174306942e+00 2.501992045642817963e+00
1.990446804189969221e+00 3.314184018151892008e+00
2.622320886483912705e+00 3.406960717781969183e+00
1.117279666170836627e+00 3.188529179030108018e+00
2.730185886460616995e+00 3.031288183173340034e+00
1.741978749928986936e+00 3.154580426346479616e+00
1.748379007889452330e+00 3.319556582952027046e+00
1.993502764271191330e+00 3.696500064998251567e+00
2.249751374245465563e+00 2.638057656702168075e+00
2.302315641941733659e+00 3.468005850115555511e+00
1.715772072602617548e+00 2.787102798752434829e+00
8.474083631993962751e-01 3.451702994482717557e+00
1.706122808025103410e+00 1.938825263983654290e+00
1.115614149960154844e+00 2.888524921777249510e+00
2.380329985215553279e+00 2.955467690594987928e+00
2.235888879563390663e+00 2.449250186637464299e+00
1.329317186463760070e+00 3.442860403333235730e+00
2.246072229587408930e+00 2.984745575029295939e+00
2.641046312508861238e+00 2.524404770956134580e+00
1.789866839096319273e+00 3.513185665406383329e+00
2.918897196099062619e+00 3.004212799983266180e+00
2.839759703800664781e+00 2.698744692528345368e+00
2.164874924063863393e+00 2.913088208491593445e+00
1.205875771804802987e+00 3.128986417521428809e+00
2.466374846559195699e+00 2.925866488029393420e+00
1.964772437371774538e+00 3.696463658464660185e+00
1.375143214899791744e+00 2.251205840786361101e+00
1.672980427709923612e+00 2.401688606964601735e+00
2.673144638229793202e+00 3.154844558767259777e+00
1.567953447912760589e+00 2.692760418259871447e+00
3.430533595361379362e+00 2.694954976953310766e+00
1.618987666224346977e+00 3.152153584964437982e+00
2.319126229837248587e+00 3.110840919287236161e+00
1.545687066763306916e+00 2.420406464968052784e+00
2.298070276624142316e+00 2.972904906988727447e+00
1.179283514880690387e+00 3.585500496667036519e+00
2.387664505255246983e+00 2.879522891947182472e+00
1.869868038661562260e+00 3.115729894196251681e+00
1.656495378304865040e+00 2.325843769920036497e+00
2.161258878329396005e+00 2.280456714393372053e+00
2.195363401644530921e+00 2.279396265574531011e+00
1.950395384853597758e+00 2.932177730722407283e+00
2.891314629820527671e+00 2.467808345208040155e+00
1.292527090621339969e+00 2.676911347113592576e+00
1.438133786772964218e+00 2.705118766958868104e+00
2.210400489387321254e+00 3.385988714501174890e+00
2.829780637983539293e+00 2.631662914210116444e+00
3.319269401000248809e+00 3.991092665242274684e+00
1.898236599974865602e+00 1.854290010452597226e+00
1.958443847057695919e+00 3.036253841817514676e+00
8.503755610453986868e-01 3.036915928787470964e+00
1.899922868586642055e+00 2.607144357775155630e+00
2.313314598915235720e+00 3.502674190063616688e+00
1.756911387467153141e+00 3.114739880272988870e+00
1.672604066460017025e+00 2.606697238405694783e+00
2.039748360284997286e+00 3.261710779534815696e+00
1.718353570639329142e+00 1.893165119175791000e+00
2.292892421342105802e+00 2.201721093365931026e+00
2.060999311616898311e+00 3.889513115612218019e+00
1.991585227347468789e+00 2.405124997670713860e+00
1.269410476690870482e+00 3.585230762672084737e+00
1.991525752243832992e+00 3.269869245971022131e+00
2.463150898971482761e+00 2.975498853080709605e+00
1.845697880681310910e+00 2.526326151408316179e+00
4.587476171411695169e-01 2.240999753019280671e+00
1.965203246621634925e+00 2.912368991851523425e+00
2.201779936527767489e+00 2.936656580896015889e+00
2.079678756239397686e+00 3.393899395820366927e+00
1.557477530710129621e+00 2.856421050423018748e+00
1.196393584093522255e+00 3.486446393996568638e+00
2.019208960467598235e+00 3.244911068565963674e+00
2.771241575134476776e+00 3.539772922726961202e+00
3.981999567094395509e+00 2.236305602483921628e+00
3.570488765614213023e+00 2.130172833901814222e+00
4.041673022489641554e+00 1.514519297241363915e+00
4.401196008381251801e+00 1.788776847122965696e+00
4.204968615916659047e+00 1.874019520522911098e+00
4.298062866983832109e+00 2.393678529049878101e+00
3.750985156578808599e+00 1.540880391836199070e+00
3.960576985116214477e+00 2.254674991108184479e+00
3.888606351217379853e+00 1.815942924813066739e+00
4.146484676834793603e+00 1.171544759578882822e+00
3.800585327954883130e+00 1.584861109548708180e+00
4.088444111153663130e+00 1.779125212758727148e+00
3.665449702563692291e+00 1.893850647826591072e+00
3.559477473371329914e+00 1.996062876981712808e+00
3.795288294810827523e+00 1.886774288967171476e+00
3.784858571088693946e+00 2.273678870255742446e+00
3.967343895446200808e+00 2.157353549797772718e+00
4.143935604253347726e+00 1.758154713939119151e+00
4.170992004536328679e+00 2.104732542272666596e+00
4.094094570453135518e+00 1.880392015518651760e+00
3.871946772786087898e+00 2.235665594461432093e+00
4.654587870159608620e+00 1.750961852914913575e+00
4.160334462317199389e+00 1.890124241527083360e+00
4.235456979790571452e+00 2.131493992204439802e+00
4.318037664825961741e+00 1.161564571473625573e+00
3.819675196505075032e+00 1.703544434520537942e+00
3.967603698601186224e+00 1.782840265684486170e+00
3.807707332738060391e+00 2.204557946027495330e+00
4.570578443319949891e+00 1.152850830091583401e+00
3.906864998017969715e+00 2.093616137570768476e+00
4.001419929866155023e+00 1.896459474425032266e+00
3.593959733827872594e+00 1.717198293007203613e+00
4.217494591961339800e+00 2.322728738091936140e+00
4.029002374949288701e+00 1.749148288985640454e+00
4.028713290869951891e+00 1.927988066593196326e+00
4.163681386020059882e+00 2.035489735305424208e+00
3.813463145260702625e+00 2.057201919583715455e+00
3.646178594892188318e+00 2.246003575657271600e+00
4.354700568048900600e+00 1.646448779353227865e+00
4.126314089485807912e+00 1.702621322478206300e+00
4.321505308233752451e+00 2.271235585410206870e+00
3.930946556516615953e+00 2.298480112832961719e+00
3.870672653187658074e+00 1.807097050549411055e+00
3.829384031623289442e+00 1.957744759134798063e+00
3.902976512906798590e+00 2.046303495928269545e+00
3.815482436739334737e+00 2.229408831513340239e+00
4.306290775241041757e+00 1.851241421415758426e+00
3.571847571910852004e+00 2.217161970559839546e+00
4.341566984299551457e+00 1.951025481744552925e+00
3.614044882767350142e+00 2.080028275313929420e+00
4.457400438702324053e+00 1.437102021190852286e+00
4.143377708697761896e+00 1.905909638409636342e+00
3.743297864685539711e+00 2.149459863302613183e+00
3.610351034812481430e+00 2.089083412812057006e+00
4.393977684702799813e+00 2.053006804560938647e+00
3.737103271446159614e+00 1.466207385743253155e+00
3.615412545307942871e+00 1.447633361031499533e+00
4.479889728979096652e+00 1.925154649720672850e+00
3.686450791181420161e+00 1.610537386796467851e+00
3.679826405631282160e+00 1.899247138459088102e+00
3.615216815682515517e+00 2.502892278287122352e+00
3.775783182702682428e+00 1.765225131889575749e+00
4.092327450896637409e+00 2.435175306859238109e+00
4.397192814517676851e+00 1.853654201899375353e+00
4.076628406734572607e+00 2.044788634845520647e+00
4.158968347452143277e+00 2.076711390206599894e+00
3.716851485170748148e+00 1.621942963684818162e+00
4.052696664132936277e+00 1.644938564927048263e+00
4.408967016569818043e+00 2.011978943501280259e+00
3.692176731186326055e+00 1.903509544392994357e+00
3.847807813124733745e+00 1.960628053800714587e+00
4.283754654894875280e+00 1.566671620273234256e+00
3.439726979424485798e+00 2.101415285905603003e+00
3.946815139802605454e+00 2.048967511426301513e+00
4.133363960936100590e+00 1.945685486777091633e+00
4.239906921097869485e+00 1.732099544013954162e+00
4.019313278278611179e+00 1.750771397179974542e+00
3.661028299472159020e+00 2.184634672790104926e+00
4.170715942586562974e+00 1.417405975761464099e+00
3.663400227523488262e+00 2.087595299004984195e+00
4.321069613377880536e+00 1.800211903483450726e+00
3.944856963886274048e+00 1.575996013363095027e+00
4.753243414931128008e+00 2.142536354041402635e+00
4.268383932235990663e+00 2.197406261311007913e+00
4.279973097207471433e+00 2.182424870842946341e+00
3.899443737431172785e+00 2.223203970658436113e+00
4.023741980581414523e+00 2.388972818417362642e+00
3.779335647369236550e+00 1.837621828296739590e+00
4.198346264320172772e+00 2.383893630302967193e+00
4.043548399383477765e+00 1.786241675818709185e+00
3.964313238366643954e+00 1.850532776280930491e+00
4.569051274020344167e+00 2.269612744893214185e+00
4.379332900181583277e+00 2.090463422920210146e+00
3.833463091223410668e+00 2.351979093362529749e+00
4.496184860079940115e+00 2.174587789045888897e+00
3.992724304346518149e+00 2.324292134058464132e+00
3.888665544639284377e+00 2.229362176162815068e+00
3.786524735108839579e+00 1.708890233310396578e+00
4.169933463972512300e+00 2.101379062527210184e+00
4.571291912302591243e+00 1.915967880655623290e+00
5.007034266440768988e+00 1.658018205407405965e+00
4.439215928299246272e+00 1.465755484659701846e+00
5.138932365259753610e+00 1.647008273034053394e+00
5.338036088882484265e+00 2.426680037725593930e+00
4.914378948888557197e+00 2.497527434981718919e+00
5.068159902981054010e+00 2.337486374681903012e+00
4.932288097673644067e+00 2.287751245871933570e+00
4.717004845145947201e+00 2.186804747079950761e+00
4.862234886013562019e+00 1.960832060894655005e+00
5.189515570199068506e+00 2.051813510291172538e+00
4.977687509843756075e+00 2.218333747265781142e+00
5.240961873362755874e+00 1.584497884061009110e+00
5.167683309723469343e+00 2.201300316626454645e+00
4.774484166612681157e+00 2.115740243810793508e+00
4.602729985822966441e+00 2.431797230788875996e+00
4.928703717945749574e+00 1.976431915991049060e+00
5.359217588373540231e+00 1.957177679750717436e+00
5.179666334707824227e+00 1.685779907139751232e+00
4.829073552714232775e+00 1.582262785061855581e+00
4.937544608589553796e+00 2.309310628440325530e+00
5.067082455321425094e+00 2.265283289326763594e+00
4.692137700163955039e+00 1.735031784834465629e+00
4.860337048800670523e+00 2.171771878188747174e+00
5.106928588838967720e+00 1.995413256894369214e+00
5.186788803311894291e+00 1.954580470665740810e+00
4.993542659174606158e+00 2.391450448787053595e+00
4.824119390573950561e+00 2.054804340974039523e+00
5.483583442671739583e+00 2.030571410650767294e+00
5.211966043257112879e+00 1.817995465934344246e+00
5.586956115313688187e+00 1.325110634269190957e+00
4.659703388629893084e+00 1.683846756465769978e+00
5.485941059952069487e+00 2.105744339373122109e+00
4.921301905293359980e+00 1.615472624020846792e+00
5.109238712870249444e+00 2.034210133790159247e+00
4.792109179072488345e+00 1.552541853980607067e+00
4.669172682279031150e+00 2.064023837361008251e+00
5.093303236890175612e+00 2.021943078143880523e+00
4.954524467031516721e+00 1.469378911632911233e+00
5.014631046234691247e+00 1.690239518497582472e+00
5.012536939751973009e+00 2.139515177762582265e+00
4.797267349753049359e+00 1.693078827019520949e+00
5.298083344509831427e+00 2.105539156227347330e+00
4.809012316571270595e+00 1.099905157136937373e+00
4.985262363840004873e+00 2.188741455737042152e+00
5.336467069197714075e+00 1.796642193554255140e+00
4.807090769788757711e+00 1.867127982000260422e+00
5.251376549948400196e+00 1.647584592087976141e+00
4.966136930255371063e+00 1.722276637619811757e+00
5.080564547034659206e+00 1.533594593275905638e+00
5.112848059520839428e+00 1.851005926047946115e+00
4.932788508259112525e+00 2.157726265134171761e+00
5.343144043263708731e+00 1.490903899692914258e+00
5.301066521353863692e+00 2.167446800886744462e+00
4.911592431114153001e+00 2.421199853862524787e+00
5.056595067792753362e+00 2.388031041225638251e+00
4.822163113161125558e+00 1.739984070603306510e+00
5.367397133929942221e+00 2.649281619003427846e+00
5.190135578103262759e+00 2.267355428444228771e+00
4.857830506452224917e+00 1.602449717675535235e+00
4.932209283001987465e+00 2.450095638249861985e+00
4.441862342984980394e+00 1.851401830807028803e+00
4.425637926803716482e+00 2.032480763253737610e+00
5.262273342269383924e+00 1.627180387383019511e+00
4.877182511984158531e+00 2.397724076330276510e+00
4.973459999566461676e+00 1.628225889058736220e+00
4.605121806774615578e+00 1.395605750118400046e+00
5.231988402537337102e+00 1.776163423482216785e+00
5.315204172403527494e+00 2.260108680668011072e+00
4.801991074413145100e+00 1.841613848946763499e+00
5.233590262873647703e+00 2.044828308889597324e+00
5.080348843653746727e+00 1.505872896649824044e+00
5.269313628576268727e+00 1.737402279090578316e+00
4.319148691565407816e+00 1.814922424037612281e+00
5.126598872250847982e+00 2.629137802602920626e+00
4.888152072721322128e+00 1.601065517602377142e+00
5.637042082635249862e+00 2.048071384417589957e+00
4.921648209956495990e+00 1.677203918189266618e+00
4.698806602382390452e+00 2.443601802734788553e+00
4.918792759936404302e+00 1.838657359471893793e+00
4.847026165281552501e+00 2.470359743928507879e+00
4.823175896491027181e+00 2.188447879470621249e+00
5.079842569929724050e+00 2.071779760016147609e+00
4.736824616884924843e+00 2.197566271392164872e+00
5.482589604623130164e+00 1.984344912398523286e+00
4.724076270677031175e+00 1.612587894526956056e+00
5.057215253018779499e+00 1.918404784896429627e+00
4.968687785617981412e+00 2.003548555874693271e+00
4.557316202803701088e+00 2.234445567119873299e+00
5.070295416569029712e+00 1.977615162819336581e+00
5.069557159150935632e+00 2.277842866371132757e+00
5.016027392569818666e+00 1.744929815813035301e+00
5.349869943795851235e+00 1.870002846187334367e+00
4.782358994723908907e+00 1.531401246414501705e+00
5.002374501304573506e+00 1.685706891942255981e+00
4.844260099365877537e+00 2.134786232546649565e+00
5.009980964235982270e+00 2.304886168305408045e+00
5.091541188730778877e+00 1.878831365437967582e+00
4.901089176592406282e+00 1.847787809348322430e+00
5.193911385099363009e+00 2.006439917220859570e+00
4.876723873312482915e+00 2.253476934301520185e+00
1.048143006543873268e+00 7.672323339863391656e-01
2.438013342729054012e-01 1.218735922648995551e+00
1.119354314508758552e+00 1.025665610135189532e+00
7.829669670752154031e-01 5.832571946893272408e-01
8.866510303659368430e-01 1.115713039267245854e+00
9.360745631280005252e-01 9.276442120858515716e-01
7.659122126160856636e-01 1.169452473867561126e+00
1.116813056492279355e+00 6.237943638817873282e-01
1.380132192003149738e+00 1.395678373083528268e+00
1.406797774396959522e+00 9.346769763381581608e-01
9.029193427389472504e-01 4.204145630759540397e-01
1.377330116403932436e+00 -6.789645596233384595e-02
8.045204611354777047e-01 8.300797921507392374e-01
1.428109354047075064e+00 9.996934106983738078e-01
5.177654201313235394e-01 2.866172674196986181e-01
6.354331557066585923e-01 1.053304606309758196e+00
1.027523367010886757e+00 9.011870599641212953e-01
6.578354049486860866e-01 8.949346659503879531e-01
1.498881470982099895e+00 4.497857705807027928e-01
1.016821657163344605e+00 1.809284609758030848e+00
1.277164160052853381e+00 7.720321894505448590e-01
1.330485971242176158e+00 6.239878922091157687e-01
1.003523844553811273e+00 1.777017598207796034e+00
1.947068051759339280e+00 1.456851819196689490e-01
1.350033681831034116e+00 1.974306274504271208e+00
7.273304945848380054e-01 1.129495314540571504e+00
1.753620269730240544e+00 7.537395765315636487e-01
1.226012053530216361e+00 9.703967468584256961e-01
3.731665734356370834e-02 1.173060682652710129e+00
9.079400873268015371e-01 1.464065638685354109e+00
2.046693598276812409e+00 1.341945746646812321e+00
8.163013191765755572e-01 1.225075489319533473e+00
1.100890791186471596e+00 1.511490152659227704e+00
2.806061030806374923e-01 4.168362564299522566e-01
-2.259126484565676662e-02 1.303542272293459092e+00
9.904966656029164929e-01 6.799310620422235329e-01
6.373765246352680602e-01 7.139043836637157803e-01
5.360921449335642741e-01 8.392991972878434126e-01
7.528920954604473303e-01 1.694987124797334932e+00
1.161653674196418962e+00 5.907387252171498737e-01
7.080569393889890595e-01 1.599470130001687140e+00
1.226213673985313113e+00 1.147591296994476817e+00
1.360323354665548212e+00 1.793056623404850614e+00
3.913403736906022612e-01 6.271627400744064218e-01
1.296901693859562332e-01 1.247440486218781563e+00
8.105908044100496035e-01 6.640744694270994675e-01
6.188856114684930798e-01 1.345678250141510768e+00
9.289598940602266097e-01 7.347388535578778246e-01
1.627680279974284439e+00 4.769635336270160453e-01
3.678104299671576261e-01 2.297322706397775693e+00
8.161341408865626645e-01 7.282643634391803289e-01
6.362898232655590514e-01 9.315525105987120247e-01
1.391371991251660667e+00 1.376731522533871210e+00
1.272028883424617618e+00 8.606988295187516513e-01
2.549631060960910744e-01 1.141477929788229151e+00
1.759398595643735463e+00 1.534639312391063548e+00
9.158708680268151658e-01 1.401268797275320166e+00
8.072539996789758199e-01 9.724259663433653111e-01
3.828175398381026273e-01 8.422860143549995016e-01
1.070282728605799427e+00 9.154789710051406404e-01
1.384981561645279635e+00 1.941837050754202876e+00
1.660818824151383044e+00 8.475236276583860695e-01
6.344084915624863541e-01 6.736701718997497590e-01
5.111005103972701136e-01 1.017006684621072354e+00
1.210559334108837648e+00 1.091519750294265512e+00
1.096825002312753927e+00 1.079100096384582042e+00
9.339729496316298007e-01 6.288218817501434188e-01
1.862322948114228272e+00 1.523765828566063352e+00
5.458720737484124008e-01 5.473792159542826274e-01
7.068648371124875984e-01 1.016514370248269739e+00
1.629523034420116145e+00 1.507423364494053342e+00
1.533875178020115193e+00 1.543917122099246697e+00
1.553201169499514700e+00 1.368344793914631818e+00
1.227251816337592949e+00 9.404728877976139545e-01
1.281158950459924117e-01 9.353889187299005981e-01
1.900988864410052770e+00 7.300168316465844853e-01
6.871533251080498284e-01 1.508707762432539790e+00
1.040312413037481898e+00 7.599734975205718612e-01
1.778831569957788794e+00 1.312077923938989699e+00
1.378788967320769387e+00 7.177122957285839711e-01
1.248525854637077437e+00 1.188246465896882986e+00
1.388539004827586076e+00 1.574584822580666010e+00
1.563036754586886179e+00 1.085245407425283082e+00
1.344749663841000142e+00 4.274609766408465905e-01
1.321806057360823017e+00 1.342157488237278651e+00
8.055728841376290639e-01 6.131260766008423957e-01
9.706213412022337561e-01 3.932734425082896612e-01
1.170440344890596673e+00 1.147350579216014799e+00
5.257161919084408774e-01 1.023783801453514775e+00
1.533856338875875469e+00 1.531305085581763148e+00
1.505270499908541559e+00 9.248200156299318797e-01
8.309333204453337451e-01 8.045685570924465679e-01
1.296339855851779133e+00 2.175933650254910923e+00
1.702502103579388137e+00 1.792886443837695687e+00
1.674952241459722213e+00 1.936175428287646438e-01
8.996403738623853785e-01 7.836778258698886557e-01
1.624788856717077401e+00 1.844192898275739179e+00
6.680411143628495196e-01 1.019330176096011620e+00
1.278588265886723807e+00 7.557717147377980282e-01
6.857391489493581682e-01 6.612803810608995914e-01
2.442443976753887469e+00 2.545440876585325807e+00
2.567658711037176467e+00 3.043425634158898774e+00
2.375833724533258362e+00 3.772518955792583117e+00
1.665536686978624115e+00 2.591660903503171465e+00
2.213367185101878576e+00 2.484180342205537517e+00
1.634987073897373300e+00 2.943262575947437121e+00
2.078428877611905978e+00 2.378313681758823517e+00
1.808938969712630129e+00 3.291204298675951545e+00
2.671497118244816615e+00 2.020318029163373108e+00
2.651889156982156770e+00 3.439969327744985428e+00
1.458631458319068930e+00 2.266611764477465929e+00
2.208203767496745407e+00 2.790809090788457958e+00
2.067853731489545765e+00 3.429099937043481816e+00
1.814557111410574741e+00 3.080905652554343455e+00
2.236782783746522618e+00 3.442940095453792537e+00
2.877602015690211346e+00 3.847249349995125023e+00
2.120111645849052984e+00 2.882390800178109558e+00
3.181689880597263542e+00 3.318918555229549483e+00
2.212800443033372755e+00 2.452058734149008323e+00
2.387611861251291767e+00 2.613462522186848158e+00
1.772238239491786382e+00 2.335778710869794939e+00
1.742019872620640175e+00 3.031101715902152716e+00
1.253754851300632023e+00 2.554916180583170604e+00
1.961351046975244650e+00 2.371880734175288552e+00
1.377195411149402027e+00 2.586307560981953024e+00
1.300035994592306343e+00 3.305790553034830381e+00
1.505806209614909408e+00 3.382963603502436634e+00
2.460456961899568196e+00 2.403923634688884370e+00
2.020385508524625173e+00 2.761782225194648444e+00
1.433974271526383237e+00 2.833420592658278281e+00
1.879923301097611077e+00 3.354095017320688488e+00
2.510811508310531792e+00 2.452010768799084861e+00
1.797781165393576019e+00 3.264309842607504564e+00
2.586905384716182699e+00 1.782955464413128466e+00
2.637331083194514036e+00 2.916318732709935357e+00
2.764092308194966652e+00 2.788751735119473718e+00
1.585699070946910760e+00 3.022431220120596507e+00
2.583289577941023651e+00 3.015304822587501654e+00
8.240370231316043181e-01 3.341318344125331574e+00
1.197001437879479102e+00 2.511811423958153711e+00
1.420359017658553435e+00 2.082765130100793893e+00
1.374794021144895018e+00 2.507077093291521841e+00
1.694384590565765514e+00 2.973372803574328316e+00
1.833008848609005259e+00 2.259798018664417540e+00
1.909154871214996163e+00 3.486368251339155844e+00
2.474105364895269332e+00 3.067326141752408919e+00
2.309693553365335550e+00 3.446129702705352127e+00
2.680826289924800765e+00 3.848225264002262502e+00
1.839860910688057238e+00 2.864171394833446627e+00
2.736399484666863557e+00 3.780535458690028605e+00
2.770328460015694994e+00 1.828220534274092701e+00
1.890155304510443335e+00 1.372242381572320369e+00
2.364967959912675610e+00 3.027807842131611693e+00
2.026089746688914062e+00 2.931152627218655216e+00
2.651685700548319424e+00 2.853446645923735758e+00
2.516557089452851947e+00 3.276799009141025287e+00
2.178407916517187903e+00 3.231297747720303537e+00
2.055353243594070012e+00 2.453137229628520988e+00
2.358109786822932818e+00 3.356664195506292803e+00
1.928057846292091426e+00 3.365355067934512334e+00
2.449464487091940867e+00 2.359234727445100432e+00
1.928932251070453407e+00 2.778375703972820077e+00
1.547419956283761167e+00 3.161157202163129121e+00
1.578411193772213172e+00 2.782808898600078074e+00
2.122699422335445618e+00 3.174925056834029036e+00
2.160773096323175491e+00 4.116954114384807184e+00
1.748156407325561990e+00 3.125093083627954016e+00
1.397078002644586148e+00 3.240677918994142370e+00
2.576726809055650769e+00 3.606930049076577660e+00
1.682094161628242324e+00 2.860267879009104064e+00
2.631194116612106448e+00 2.953314328629880414e+00
2.479337203117148114e+00 2.513788899752874784e+00
2.691684739904307122e+00 3.513623939757811510e+00
2.232022761129496491e+00 2.600732044844761948e+00
1.920144760743531132e+00 3.075630478885287289e+00
2.131706031652597755e+00 2.947610558273686454e+00
1.890781128667674782e+00 3.096227825853461013e+00
2.697779987461582429e+00 1.996059452915204702e+00
1.314063700694310999e+00 2.227563327343018873e+00
1.656511190906115427e+00 2.129869918383242577e+00
2.276559913895463527e+00 3.047860229418041467e+00
1.873111367047901821e+00 2.659228420136181992e+00
2.078428864214950433e+00 3.089124830035336888e+00
2.165131486364057167e+00 2.635492567948942266e+00
2.324656606449092333e+00 2.265723449301702885e+00
2.624718113869626279e+00 1.461639567567892373e+00
1.703174105475724343e+00 2.398853984425382890e+00
2.394872017935391284e+00 2.257423588994181607e+00
2.910921811452933827e+00 2.227706926766591877e+00
3.014229962845014654e+00 3.224003316072000747e+00
2.015359581566686931e+00 3.217893067590607892e+00
3.096289322686538892e+00 3.446540025991539302e+00
8.833095881836987573e-01 3.597112279299035542e+00
2.115888347151464899e+00 2.191488701968022923e+00
2.380241386020133021e+00 2.394446204120838750e+00
2.090596550142576504e+00 3.116621468051929522e+00
1.675801042513405559e+00 3.323782605653857747e+00
1.489199085875753115e+00 3.095591089648411121e+00
1.726342410134233951e+00 2.908667187165125956e+00
2.961445448282294279e+00 3.056022221431077046e+00
3.673788259534123579e+00 1.964830949374955393e+00
3.769220977289202690e+00 2.007946324498427249e+00
4.048577586247494864e+00 2.025494444141339834e+00
4.025143172535326386e+00 1.836662119631616408e+00
4.134760834674000129e+00 2.317207257994741365e+00
3.813863650031083186e+00 1.982479911497763370e+00
4.018209410422952210e+00 2.376124782553553416e+00
4.323801220249982258e+00 1.780985577167236045e+00
4.021706354350260249e+00 1.551805315453524070e+00
3.710352838674259246e+00 2.004507000684101481e+00
4.188981369747820871e+00 2.286318585609508958e+00
3.906760312366896581e+00 1.594116753614995385e+00
4.119066175857279077e+00 1.948087825949327945e+00
4.127188033391821165e+00 2.048037250714594748e+00
4.214718490964840747e+00 2.196388785033516200e+00
4.253079697267560633e+00 1.862252297657414513e+00
4.298649426678713859e+00 1.849091356077052994e+00
4.025481338437018941e+00 2.558177441507847760e+00
4.107040741487034907e+00 1.650160613690586642e+00
4.447128398376657188e+00 2.300027668525040703e+00
4.342142074148980235e+00 2.059162277690043563e+00
4.103747328588896792e+00 1.930098900598157252e+00
3.790020310760652489e+00 2.458998514735082797e+00
3.889491789199988947e+00 1.855790544296239908e+00
3.866951461357889919e+00 2.558702977526415623e+00
4.263440800571746792e+00 1.889626320818531324e+00
3.986313266507535147e+00 2.153135190217011719e+00
4.263540246490649999e+00 1.516852935702898142e+00
4.271135121266410373e+00 1.934592115610856533e+00
3.794189539277740053e+00 1.882905168459051426e+00
4.237578216310427415e+00 2.527529705364813140e+00
4.044375907852970187e+00 2.167071121546662926e+00
3.755792670368890640e+00 2.147403378051385037e+00
4.246794151481926072e+00 1.553590688537822562e+00
3.846126996276503451e+00 2.237239605231339468e+00
3.472329844235812590e+00 1.887830016311993653e+00
4.180209238725028698e+00 1.492831751320617073e+00
3.881003974318492311e+00 2.016451458092179294e+00
4.267118113734008844e+00 1.616379063070671140e+00
4.332853112429529752e+00 2.091702500314183588e+00
4.359053793637443164e+00 2.348966106354088978e+00
4.102237217096153188e+00 2.145724479902190396e+00
3.478165794864509497e+00 1.594958040065474814e+00
3.698406453277844008e+00 1.895597262882646961e+00
4.279971700667910994e+00 1.464975577711164600e+00
3.904012796540066610e+00 1.603630623063579730e+00
3.532689209251765661e+00 2.443072089940260927e+00
4.029559764604228711e+00 2.490545746684920125e+00
4.355236952285635788e+00 1.723581137442952826e+00
3.443595139062808563e+00 2.621026270396756175e+00
3.878493025567987029e+00 1.656635607606251614e+00
4.207351040541415621e+00 2.040948173564653079e+00
3.798580094015504560e+00 1.896223889484955460e+00
4.048397638216849614e+00 2.022185817903827676e+00
4.226653371430526107e+00 1.893960497348129213e+00
3.897054388945425885e+00 2.180189302512496763e+00
4.093883675506934772e+00 2.328277363661299670e+00
3.925027719268883164e+00 1.970499775806909826e+00
3.653201185957322572e+00 2.449761699004040949e+00
3.581867026052149239e+00 2.060617234930402830e+00
3.732411967590256285e+00 2.101213607276285256e+00
4.223310202770798050e+00 1.508212930325132817e+00
3.936716844606292565e+00 1.472987264212834324e+00
4.421284191501232641e+00 1.867056919336790966e+00
3.527040835722275336e+00 1.789420484001494005e+00
4.393396565393940634e+00 2.446266346751165610e+00
4.381184096437548803e+00 1.764694124084915217e+00
3.954316279631396203e+00 2.490425069066677377e+00
3.780524346295433880e+00 1.899590241159920145e+00
3.713844490460930903e+00 1.650778005020901995e+00
4.361866256396612407e+00 2.189204168545124229e+00
4.134888343562588275e+00 2.173897196379043883e+00
4.306394607243943184e+00 2.453108890534073439e+00
3.997840837480854503e+00 1.897747075948180928e+00
3.692854655375915840e+00 2.324692031131090797e+00
3.845511355619878113e+00 1.551618832837543316e+00
3.919361685884375390e+00 2.007302822111332929e+00
4.249752418183578406e+00 2.301123941298599096e+00
3.780700039081192454e+00 1.759935366065425999e+00
3.901559623555549194e+00 1.636574272012042641e+00
3.967091975679136517e+00 2.138359147221704060e+00
4.012877667385566838e+00 1.515999240121389757e+00
3.642378277032109146e+00 2.385760835689042736e+00
3.695995895360141059e+00 2.221543102218186849e+00
4.189590689067955509e+00 1.903385085233939567e+00
3.700910589698870989e+00 2.063127377480678870e+00
3.734163444589897907e+00 1.947262441240762199e+00
4.031811536005812435e+00 1.784937657474948036e+00
3.931932043495930174e+00 1.907475424890944904e+00
3.629352379595311540e+00 1.942825923925884490e+00
3.808825938270946398e+00 1.452746563039011285e+00
3.898679087852953806e+00 1.915115496766405023e+00
3.818531572090998694e+00 1.381494879197669778e+00
4.232822269163901474e+00 2.205070549998376706e+00
4.195149807193782721e+00 2.097450791446217711e+00
3.622944818266815581e+00 2.036866934738299051e+00
3.721715195953447797e+00 2.656255227782056139e+00
3.843815678726580032e+00 2.200275224296573739e+00
3.534252623687352823e+00 1.646112249435167207e+00
3.839055607782987156e+00 2.210756309318232748e+00
5.164293081294329291e+00 2.086448129666933049e+00
4.443801540406478345e+00 2.339417568786603674e+00
4.722144690163629477e+00 2.484621089805925997e+00
5.559852224863670145e+00 2.247853869435131990e+00
5.296526174410783661e+00 1.621610958773947786e+00
5.774307280934868558e+00 2.065355921819949092e+00
5.299935139826294161e+00 1.742548108058370904e+00
4.980498776606694378e+00 1.643942977501086533e+00
4.928042924684941539e+00 2.004640775112964235e+00
5.076744671955969679e+00 2.418754079885581998e+00
5.144251938775663113e+00 2.073119086099614705e+00
5.011562718520115034e+00 2.603120621137003710e+00
4.826279866439916688e+00 2.356461779899557296e+00
4.411619638878410576e+00 1.736661468272337805e+00
5.123150182645479056e+00 1.951686560003466075e+00
5.902200497045429373e+00 2.773836780014922176e+00
4.544258597074971817e+00 1.678751994312358331e+00
4.957386328550668964e+00 2.522075751863010140e+00
5.341031179021059394e+00 2.098213585324547381e+00
4.575692468155025061e+00 1.746741036221268528e+00
4.194913469982560983e+00 1.539561759701258747e+00
5.128617214522175338e+00 2.237636096232815230e+00
4.609784636339521846e+00 2.033488119503211955e+00
5.489055135428867693e+00 2.050249811238467057e+00
4.909415634338014200e+00 2.184949800630405115e+00
5.159730967726128270e+00 2.025672824284304951e+00
4.840879620858507870e+00 1.874208094831348870e+00
5.028631421143179736e+00 1.836754448420873320e+00
5.401486353251081951e+00 2.269448088394119711e+00
5.327864320828092026e+00 2.609876743615449968e+00
5.475315480001920143e+00 2.427018550143306808e+00
5.112834172257639587e+00 1.943606489903040080e+00
5.691712685798664850e+00 1.799271476722958507e+00
4.815511938911442691e+00 1.740507530710486250e+00
5.065962736294023827e+00 2.126799630059794666e+00
5.310232180397580493e+00 1.933771201221215819e+00
4.481004356384200804e+00 2.096795913032021730e+00
5.293422958870815265e+00 2.010761219481956630e+00
4.961183509948308590e+00 2.169983194458408704e+00
5.431015886698352446e+00 1.981377801376458692e+00
4.575153528827227589e+00 1.831860239788992262e+00
4.951414180246492158e+00 1.460825788663976166e+00
5.231875898117765544e+00 1.770739321101285846e+00
5.153317700980845295e+00 2.059252857345826637e+00
4.907463833769032391e+00 2.489155506884971558e+00
4.832240872430544343e+00 1.798864403404083490e+00
5.088442751940918107e+00 2.252338198045815698e+00
4.999873536471782565e+00 1.705754280250843191e+00
5.207810887946138223e+00 2.181525561697236437e+00
5.622809635590385824e+00 1.934122146542488263e+00
5.064324724005403233e+00 1.830166777102241182e+00
4.553872921296948206e+00 2.022749397414656425e+00
5.255388448680252012e+00 1.696229692879543505e+00
4.797712275630406253e+00 1.647537273275438086e+00
5.402441415277433379e+00 1.810230762465786736e+00
5.174074900993791637e+00 1.740678875525722979e+00
5.022675747133921398e+00 1.812425379559694960e+00
4.295757177310811414e+00 2.023366036717362704e+00
5.158337491392090080e+00 1.374864181800193652e+00
4.947664447532961418e+00 1.870247106102674639e+00
4.676531091172072330e+00 1.924608682582486185e+00
4.418101921405833465e+00 2.075183992249686415e+00
5.355809688855899253e+00 1.621499474192336310e+00
4.980374436145379669e+00 2.427600178288733979e+00
5.036719117157177017e+00 1.844426510079488324e+00
4.726827980597851031e+00 2.053360192515357063e+00
4.960202918599526889e+00 2.189472077862497201e+00
4.543913436989142518e+00 2.323113846202629951e+00
4.878925335436841593e+00 2.192777229078079149e+00
4.783265527477831291e+00 1.610606875320139242e+00
4.829894854098118806e+00 1.713689074707096305e+00
4.887598227473731072e+00 2.194366368501316611e+00
5.323632408192079168e+00 2.061077824095396860e+00
4.837845691171310136e+00 1.864602675168582246e+00
5.177668988459369181e+00 2.340875870631498934e+00
4.903078551815402086e+00 1.962344818912030719e+00
4.774515641068226124e+00 2.062047528292886511e+00
5.287055060634646253e+00 1.128280703658861128e+00
5.076641798395717053e+00 1.834791057394904223e+00
4.301634861131229393e+00 2.094097717114240531e+00
4.973146936955322950e+00 2.110803417531601056e+00
4.590192445209742900e+00 2.641142695554947295e+00
5.033199250058173924e+00 1.897072648596487721e+00
5.457253463407962357e+00 2.195684568814677107e+00
5.249862854795209977e+00 2.348966750784369673e+00
4.378520020671704316e+00 2.500799233864518634e+00
4.895806513444562746e+00 2.085646136327426348e+00
5.276845789854013091e+00 1.786308631824250259e+00
5.095371849577527534e+00 2.228860562977128978e+00
4.987446551537811246e+00 2.148392202925875516e+00
4.518221877680528742e+00 1.642369536542567010e+00
4.654944153825782749e+00 2.111329516457553179e+00
6.122867345866230160e+00 2.078848505411211800e+00
4.955638955694171344e+00 1.980650548951898848e+00
5.294985437881841506e+00 2.214170951140102872e+00
4.655968760903527404e+00 2.305106865576451280e+00
4.992820588148622285e+00 2.245705331272357164e+00
4.400300747117363187e+00 1.533584213892789760e+00
5.179052871753844656e+00 1.459793262071975795e+00
5.116930094722481392e+00 2.101443611673050160e+00
1.072844167608351773e+00 1.177754907749023472e+00
1.132756146821789045e+00 1.223699959846765495e+00
7.968601941999500227e-01 9.890571899488475038e-01
2.464687246859501801e+00 1.568446727361496595e+00
1.306071558374265029e+00 1.196142295591418936e+00
6.362126389132378712e-01 1.113403724425496844e+00
8.765421716068116931e-01 1.473042352611920291e+00
5.424407943946125688e-01 -1.815213492653013905e-01
7.198026203240648346e-01 1.348369556636361377e+00
2.229407946300921761e+00 1.512691999996643943e+00
5.107153725718699411e-01 8.904773258006345449e-01
5.245291108343039799e-01 9.066242170708107562e-01
5.513501118921939614e-01 1.779788655171036238e-01
1.222292974116488518e+00 1.097834882384783217e+00
9.146207718730596792e-01 1.173117470385923955e+00
2.016657761152246042e+00 1.058532340761937141e+00
8.107943004543476384e-01 1.433086344272250123e+00
1.790715233177004873e-01 1.376816789536029262e+00
6.127194550531296358e-01 5.916509630914539297e-01
1.054978845689399369e+00 1.836174952255356541e+00
6.272693066453249866e-01 1.476242333644987248e+00
1.188911070160971750e+00 3.045441211132604575e-01
1.458118981341584908e+00 5.868954237740353630e-01
2.649073126767037545e-01 6.042750076106646606e-01
6.364583899423967850e-01 1.296025613648944086e+00
6.340552906965567503e-01 1.746736938150821761e+00
1.110599515279174998e+00 6.407255961402096300e-01
5.827710260787763996e-01 1.113925772867380148e+00
5.575987354729456946e-01 1.314831785476902937e+00
1.089580800830588725e+00 1.010865941675198165e+00
8.930394022810335120e-01 -8.878973552389246571e-02
8.374028618167053128e-01 1.124491926392329200e-01
1.417512349873720545e+00 9.956261067862102188e-01
9.550669127500035493e-01 1.199418895802799145e+00
1.161395282797009543e+00 1.116210398460617759e+00
1.173958585760820572e+00 7.054573852395797928e-01
3.322866759632475686e-01 1.170723217607586575e+00
1.723147298224568136e+00 1.505746186663475594e+00
8.928987113606563497e-01 1.306080581991498235e+00
7.799592962848536093e-01 1.192252152303333368e+00
6.960895742648089968e-01 1.070228922333198884e+00
2.001305894492149129e+00 1.386225652823567911e+00
1.749281069059007709e+00 6.132653038586544092e-01
6.569512046389331950e-01 9.802142506217738083e-01
1.278373079530621625e+00 8.957252708662730711e-01
1.506660760699556567e+00 7.247355707630025456e-01
1.680071538388812513e+00 1.484181678046066821e+00
4.420998974551938465e-01 1.291483431363901868e+00
8.879954203101541044e-01 1.509387880325669062e+00
7.312172180773366392e-01 1.155557545058950808e+00
1.272856283582855630e+00 -3.769476268704246014e-01
5.985467985044667927e-02 1.063946050201798332e+00
9.367920504586360053e-01 1.507865478246743107e+00
1.112991348771945388e+00 3.645429142788785271e-01
1.164133340353055601e+00 6.247573184108049515e-01
8.851926217312302558e-01 7.454672509158177807e-01
1.174282477801818159e+00 2.890658379058571592e-01
4.398693269516236182e-01 -1.121515275923352650e-01
2.071959534446448536e+00 5.005458094195872620e-01
5.680673677362634288e-01 4.225377253452999859e-01
6.777743408251184487e-01 7.807024881660881155e-01
1.307261719123202548e+00 1.087954292260881362e+00
1.164122276654663057e+00 7.044562522571402585e-01
9.633534000861003754e-01 1.608750267885299179e+00
9.885455936639674368e-01 1.152811197695640999e+00
-1.493289687788124098e-02 1.258246054517013546e+00
1.128894981168841571e+00 1.643769936209262372e+00
-3.763846328898838856e-01 1.010987627276488832e+00
9.356565279163792104e-01 1.038097941214909170e+00
6.804677657271654967e-01 1.099075861624035921e+00
1.344399049022362735e+00 1.015125468386206542e+00
8.456082391511073881e-01 8.855384893419315784e-01
7.975974608736999816e-01 1.011216591762110983e+00
6.319825846340352271e-01 -5.007452370001219677e-03
1.667991934315751212e+00 1.108455079108288110e-01
9.295039618985905250e-01 3.356951816202975447e-01
8.443485588920831564e-01 5.044727051618824731e-01
9.650297881312135395e-01 5.656000044080665701e-01
3.372786448729053754e-01 1.139778044578764860e+00
1.651841200615662864e+00 1.157428364339228910e+00
1.038416899474444710e+00 4.570582718103552988e-01
9.412447641096525208e-01 1.205658710062670558e+00
6.564301226846276371e-01 1.431485033431965315e+00
9.608916910064116967e-01 1.157635692520824655e+00
7.319660550098737728e-01 7.352629821718793535e-01
1.089980449822146369e+00 1.171966080292696777e+00
1.152661383965434494e+00 4.700022489738931997e-01
6.112343216991473760e-01 9.672718065585792502e-01
4.895870385225731258e-02 1.499452659349745254e+00
1.134921108935033285e+00 9.965883690015049368e-01
6.192538558839748575e-01 1.386125555978835244e+00
8.390671976885710759e-01 1.925331679933079077e+00
1.171733332799595573e+00 2.294150121928812958e-01
1.338627824692328216e+00 7.108859692299633881e-01
7.141327382519987443e-01 8.535949603170140954e-01
9.089223030574589135e-01 1.099954374756402231e+00
1.354853854407143565e+00 1.200504952486523891e+00
6.108703871943536035e-01 2.972176782110614868e-01
5.691937452664307395e-01 1.152490824478835441e+00
2.406052594832957858e+00 3.871816849138182359e+00
1.298383821939331551e+00 3.011228466090776212e+00
1.856912871923029451e+00 2.770139050586388318e+00
2.040082693267578406e+00 2.846920100776479057e+00
1.837516618371978661e+00 2.647317725222202434e+00
2.168531460550364720e+00 3.498305572579931244e+00
2.787325581121285811e+00 2.707639087811043677e+00
1.443469834430454624e+00 2.839269070638561043e+00
1.552906519763188165e+00 3.485136206620596866e+00
1.560763265839941294e+00 3.007516263198047213e+00
1.298629636730087800e+00 2.795588588609602798e+00
2.066061194963313863e+00 3.735045030774113428e+00
1.623933812858839865e+00 3.155082624838208449e+00
9.311037161072566182e-01 2.366373205575636351e+00
1.562614863626900163e+00 2.720346501713724940e+00
2.185131501674077992e+00 3.285356900154938753e+00
1.165065678684857442e+00 3.234006636347191765e+00
1.411369547498632748e+00 3.886467373456931274e+00
2.125298935874061268e+00 3.044953225710591127e+00
1.880022292749749857e+00 2.951781255722639941e+00
1.969512248135471877e+00 2.622749859134242190e+00
2.341386761947740425e+00 3.103039044884131403e+00
2.342720624431971821e+00 2.937514640025322255e+00
2.308061185303343699e+00 2.589513797421791441e+00
3.750034546027993798e+00 2.612985387038749163e+00
1.745177665333583095e+00 3.449213223122026051e+00
2.584535812440717173e+00 2.570184425327775024e+00
1.136617428206569080e+00 2.268939054196358995e+00
1.471223837923680833e+00 2.575486221683076060e+00
1.885478140774102807e+00 3.482541789832777734e+00
2.507576525905750309e+00 2.662031816188022759e+00
2.237184241843850785e+00 3.408271908731947519e+00
2.669313998108274077e+00 2.887559738346778371e+00
1.595446120611075713e+00 3.341607589173619886e+00
2.724342935085837691e+00 2.704578661031842302e+00
2.940990032832874856e+00 3.826100486752897822e+00
1.835311587411737833e+00 2.182431515846055436e+00
1.668199240801102157e+00 2.790518898312081220e+00
2.232285264540668113e+00 2.131182861700950948e+00
3.181896327610127972e+00 4.136622492385249927e+00
1.604512521801872316e+00 2.035313985211186338e+00
1.881389926798166190e+00 3.177932608694974181e+00
2.638961090510802521e+00 3.321577690623524148e+00
1.864628372876625528e+00 1.981275478725812444e+00
2.220520288819330723e+00 3.386562845725880511e+00
1.809902135166582493e+00 3.102336055871176335e+00
2.066509911669417221e+00 2.842998979598440279e+00
1.386541163304227053e+00 3.135602283100894727e+00
1.255339025231485106e+00 3.665155644094381771e+00
1.514951281861272481e+00 3.210367763151345422e+00
1.598697689627615937e+00 3.153432327818331604e+00
1.858292578696465025e+00 3.230007090388578028e+00
1.568163536548311532e+00 2.148277234667951952e+00
1.822745844924209102e+00 2.787510551097811096e+00
1.211066505330622878e+00 2.617977282401508177e+00
1.126198580063972221e+00 3.020150142444917751e+00
1.775824343865569865e+00 2.970063714405477118e+00
3.264016612750168189e+00 3.041854969154869970e+00
2.149519252890081500e+00 3.276298814014914296e+00
1.893114524674839538e+00 2.667122897232386602e+00
2.401671099570859003e+00 3.477186851418251123e+00
5.043019897852409894e-01 2.881366331642143397e+00
1.792510565444118464e+00 2.679960449976368508e+00
2.583017306326430784e+00 2.694581828154081649e+00
2.393597370121612222e+00 2.690128512448038300e+00
1.757658833712420599e+00 3.325649062067857820e+00
1.592273291111450106e+00 2.880357577913219114e+00
1.409524201706056523e+00 2.518474295722714196e+00
2.322141793374697727e+00 3.253326406542091931e+00
1.389004226922283536e+00 2.369033613925097814e+00
3.233860429145758886e+00 2.639263858786778716e+00
1.525000744524335650e+00 3.216459657734975330e+00
1.572546448152090992e+00 2.777720434611398836e+00
2.406674627717687365e+00 3.459178690228582376e+00
1.861604408899538265e+00 3.630787291297110642e+00
1.888159076218477672e+00 2.840080046117497758e+00
1.956884224829314789e+00 2.806534495673108864e+00
2.223250258309909633e+00 3.101144132201327785e+00
1.572542851720623025e+00 3.049933983390858749e+00
1.689129511650107940e+00 2.671156425388805378e+00
1.890262285075379411e+00 3.468964627722436411e+00
2.098031873013936899e+00 3.593766389725050470e+00
2.740866754734011312e+00 2.942871285202529386e+00
1.657374618317729809e+00 2.566321772454542405e+00
2.099136953224901792e+00 3.392810774019759279e+00
2.751285162924611338e+00 2.306647407382784731e+00
2.421833219616236210e+00 3.495876780928371286e+00
3.179022928108390822e+00 3.054818383110866620e+00
1.945592978101846171e+00 2.202415924069983433e+00
1.573095956257013484e+00 2.410442169124150880e+00
1.457621040284920788e+00 2.513199846946557514e+00
1.196609408672043351e+00 2.917095202431158274e+00
2.156690265826635144e+00 3.344574487022221376e+00
1.916498026285371914e+00 3.492715861509521957e+00
2.497807175097029209e+00 2.206419249095553425e+00
1.828985661234988624e+00 2.341128421855778186e+00
1.476414663754517020e+00 3.058039935122203179e+00
1.903545377384963766e+00 3.698183522447349159e+00
2.990282473228203841e+00 3.177039300491086848e+00
1.871539724268851179e+00 2.894760535754164366e+00
3.977332078499873358e+00 2.152682963433484975e+00
3.760918878024901879e+00 2.156346894674578518e+00
3.908275481654666983e+00 2.299008978234403422e+00
4.390575050437549365e+00 2.503144291754296091e+00
3.935344902497295294e+00 1.577354624109119419e+00
3.477051668607081591e+00 1.894976064749527733e+00
3.557734178879252696e+00 1.489080809069317279e+00
3.877447790406319594e+00 1.687771898693239736e+00
4.190231613800992072e+00 2.565072929432598237e+00
3.916054163260361154e+00 2.078116659671247479e+00
3.511242978281417848e+00 2.038973802009866443e+00
3.774477353222672971e+00 1.655184545932067319e+00
3.426623644555155224e+00 2.465096455472281622e+00
3.501270737102761821e+00 1.622830839364055810e+00
3.988457938270348890e+00 2.072376370816981783e+00
4.073738289613964447e+00 2.018732564011305630e+00
3.718639726292142011e+00 2.216888549099374384e+00
4.044659304216407847e+00 1.551466486970786374e+00
4.467755477177856704e+00 1.884722054230777655e+00
4.271921784407201272e+00 1.551148576563878390e+00
3.630813787076533128e+00 1.815891578430355979e+00
3.780573748826293379e+00 2.292032934232176800e+00
3.501303243174388680e+00 2.037845777523286106e+00
3.684378959226890959e+00 2.143762030090369031e+00
4.051163297607494052e+00 1.823632081271299610e+00
4.655925436552709407e+00 1.975583025151803618e+00
4.318236777657459058e+00 1.591064787902959354e+00
3.952317140837680931e+00 2.016291975411192094e+00
4.031424147709220307e+00 1.886644250528674460e+00
3.741439703391375549e+00 1.062126762349836717e+00
3.819948318579211133e+00 1.715210208680279624e+00
3.913907280093835261e+00 2.248537430104275092e+00
4.656282083927898441e+00 2.150836067419500619e+00
4.296570289161162570e+00 2.180688320172402328e+00
4.210204856642743465e+00 2.169421826744250215e+00
3.913993627014695775e+00 1.895509683869030848e+00
4.092621365719952387e+00 2.533501959696669026e+00
4.228845697573576423e+00 2.477507549638636952e+00
3.606108198237164775e+00 2.074804207140472645e+00
4.115236173997918634e+00 2.152145511620659146e+00
3.583797056037506756e+00 1.442929319276329281e+00
3.358906189456397406e+00 1.876690145589366088e+00
4.700197494558572942e+00 2.062201443217910768e+00
3.633674276926257996e+00 2.098969857966167751e+00
3.906872821230233050e+00 2.048841791258601219e+00
3.862176991663927250e+00 1.609433809840400853e+00
3.838646291768633478e+00 2.212658674604642606e+00
4.089981607297530353e+00 2.365623034380111012e+00
3.678166473148769100e+00 2.314658446754470855e+00
4.018977741325100439e+00 2.059218528039075569e+00
4.375956226820106210e+00 1.963259693076222279e+00
4.079579921885929217e+00 2.195596182774348204e+00
4.198614063241183025e+00 2.248952962009039602e+00
4.392819449104893970e+00 2.164992264135155331e+00
3.874644061588727428e+00 2.741705549933640018e+00
3.998537988755069605e+00 2.121707894110420156e+00
3.784830432517695797e+00 1.354521261302648938e+00
3.776204953901517225e+00 2.029272488258599516e+00
4.169294429124188461e+00 2.018605599033696851e+00
4.248748828921450560e+00 2.307814867111145585e+00
4.307028482902797606e+00 2.012159349643182438e+00
4.036022333392612182e+00 1.946886735704296933e+00
3.749244259023353454e+00 2.439460807544139076e+00
3.639127847487121148e+00 1.990184915252943165e+00
4.079815271731031423e+00 1.370172904666880909e+00
4.234946456846897078e+00 1.906989703679736081e+00
4.079357245121864040e+00 1.912859335728405608e+00
3.551937533503248812e+00 2.071226218352405279e+00
4.043973607337951748e+00 2.311580526513195455e+00
4.154906219532829681e+00 1.507619071741683303e+00
4.342947071392810443e+00 2.251457313489803713e+00
4.242518612499873498e+00 2.158406605961691760e+00
3.801263512706469339e+00 2.172686165396374935e+00
3.903602026017409354e+00 2.877292416197096081e+00
3.941832486829044413e+00 1.680111985140272601e+00
3.910830924065165082e+00 2.444929655509979316e+00
3.841896154880384717e+00 1.279862157005670964e+00
4.453656105325225489e+00 2.111216568590503329e+00
3.864196533927101829e+00 2.227414987210331265e+00
3.736154080978414171e+00 1.661074329279439432e+00
4.298732840832584223e+00 1.858292558764112590e+00
4.172345248746131219e+00 2.016685751370793866e+00
4.263091821570063722e+00 2.045582699532543014e+00
3.398284973111644014e+00 2.217335737912748073e+00
3.870617071553856370e+00 2.277763130058084950e+00
4.046765608238630740e+00 2.440048398846025535e+00
3.918539237864147928e+00 1.395707015740294210e+00
3.916629033419402273e+00 2.167096379867226030e+00
3.910065503186925362e+00 1.872320904799857466e+00
4.454843814440327954e+00 1.966993773501149567e+00
4.328560946720462432e+00 2.057032336561014141e+00
3.578561811583809593e+00 1.730126043903577493e+00
3.918198430286830458e+00 2.104584168622014140e+00
3.768930708052091738e+00 1.587953376674288597e+00
3.707629426085609747e+00 1.855394142497432952e+00
3.746577249050009328e+00 1.836883388927867289e+00
4.570624293803423832e+00 2.095750818335971211e+00
3.766461533781084725e+00 2.008549460717342416e+00
4.484992891539048010e+00 2.205766756571607701e+00
3.980974178055640245e+00 1.604620482513732016e+00
4.501419793480247122e+00 1.908734795482430080e+00
4.979126729014915043e+00 1.523610779189328746e+00
4.609532104617602322e+00 1.998232737059792763e+00
4.345339338629001347e+00 1.493334481391418223e+00
4.994932977102164884e+00 2.178821488898474268e+00
5.106191580923587381e+00 2.310076408417477634e+00
5.483906761216517545e+00 2.279933883408430617e+00
4.931045249359185867e+00 2.650196135168897626e+00
5.516520360794727296e+00 2.293514814352342057e+00
4.768107709659245685e+00 2.132556101426290152e+00
4.383954777840337158e+00 1.912587131024139131e+00
4.265624189114842757e+00 1.886560772152538590e+00
5.320802983762380478e+00 2.018808241932825265e+00
5.498379268625944505e+00 2.013533487320039672e+00
5.044527303777699423e+00 1.923520072317556284e+00
5.174214620278352328e+00 2.004609047241169950e+00
5.375645388264073787e+00 2.499291269592608611e+00
5.127511308293400738e+00 1.678264983348784156e+00
5.183885022612169990e+00 2.423031804368154685e+00
5.211817395149425991e+00 2.104362610089641983e+00
5.299209206590203891e+00 2.412609140204510894e+00
4.233217095702247690e+00 2.473158820492762811e+00
5.249612629776684081e+00 2.161892419346226113e+00
4.850589173460936543e+00 2.085368829515441114e+00
5.199908988974922153e+00 1.571921002002644840e+00
5.242286460742431764e+00 2.039068464190631591e+00
5.458268372891038389e+00 2.221007172331165069e+00
4.965154089347469935e+00 2.034352630995622579e+00
5.210657196025503701e+00 2.062292346411222610e+00
5.182390063396504765e+00 1.804128075120549735e+00
4.643201677325644816e+00 1.846316307846857852e+00
4.589143332159881794e+00 1.784840777899731279e+00
5.124484915867992818e+00 1.528203281313194939e+00
4.648923753066187992e+00 2.238683746582341705e+00
4.859037691332875220e+00 2.014960425604251704e+00
4.647030697273612176e+00 1.704598433270728908e+00
4.926994383465293836e+00 2.507645541423845881e+00
5.151195637346221545e+00 1.515617391804121583e+00
5.152441275811678878e+00 2.294753247920326089e+00
5.225490665297986226e+00 1.650754767816671187e+00
4.998186243473170975e+00 2.655128573959740557e+00
4.737875416710033427e+00 2.118190021407920121e+00
4.792769746767459260e+00 1.636682856969597699e+00
4.888544310796462788e+00 2.327231213057939119e+00
5.365988045769709558e+00 1.753743901122664317e+00
4.876188519638322560e+00 1.751516565168734996e+00
4.394957508028191739e+00 2.200132401543818172e+00
5.485766968042833369e+00 2.468631953385179489e+00
4.878752858486828714e+00 2.417106160214276045e+00
5.346416176150615485e+00 1.917897423496878861e+00
5.017785832738298701e+00 1.908899666062668032e+00
5.091453994748444956e+00 2.564280430140706279e+00
4.742436553776204100e+00 1.662058829866023046e+00
5.282404266532392256e+00 2.038480680187577665e+00
4.453516273552458493e+00 1.717312264333855198e+00
4.773044656014675979e+00 1.838727368431375631e+00
5.118139924441056365e+00 2.320155388762678683e+00
4.973443482867281773e+00 2.066741159640765879e+00
4.798842724994513809e+00 2.328620590851186556e+00
5.425573156331947366e+00 1.943523460786919177e+00
4.800522031073516160e+00 2.644484396975480767e+00
5.301318071814339561e+00 1.755335310070134991e+00
4.515735829450930439e+00 1.935190641756363128e+00
5.383151819131173355e+00 1.860312657429474381e+00
4.950103513988881154e+00 1.876108952389649920e+00
5.219367044908747921e+00 2.442741247586267761e+00
4.646463701166139160e+00 1.937842473886403516e+00
4.964508049424297020e+00 1.837693941375217355e+00
4.665766395196813576e+00 2.271115110696336536e+00
5.071651622197172138e+00 2.241061685121996216e+00
5.479825739446792632e+00 1.915679090775304516e+00
5.187853541194275664e+00 1.904479369809009226e+00
4.998971854009574223e+00 2.125591983999276291e+00
4.976808816266543367e+00 1.572545947329323290e+00
5.478528232847493129e+00 2.071356916922333813e+00
4.682292555366066367e+00 1.363225528624330662e+00
5.018997551665842494e+00 2.222500493419187428e+00
5.329533421733366083e+00 2.362032135396299637e+00
4.912118354494968031e+00 2.220201908842671656e+00
4.563417211057910094e+00 2.071915310895304785e+00
5.301698898036621088e+00 1.843274510196089455e+00
4.978283021623981952e+00 2.058525312147780895e+00
5.068148370503373634e+00 2.474062771175077113e+00
4.702316092649335033e+00 2.429080928748608592e+00
4.651818362045561983e+00 1.826226714839450871e+00
4.793631689899624959e+00 2.000674634578136324e+00
4.877976545436132128e+00 2.171758818424076143e+00
5.030339983540961235e+00 2.688055627964600625e+00
5.142775785984164294e+00 1.950915838322693219e+00
5.139220269826023646e+00 2.206417345644278605e+00
4.969667618523022412e+00 1.692477608121878863e+00
4.784921593754895675e+00 2.080306354018993886e+00
5.277312299486611735e+00 2.171596464288533479e+00
5.000896329114339345e+00 2.196383937221589200e+00
4.879115249512669727e+00 2.104945344746263824e+00
5.453739118066541991e+00 2.362213000961020715e+00
5.433968486960270461e+00 1.915606001149405602e+00
5.088007571259636208e+00 1.723603917643312666e+00
5.302405747686622206e+00 1.898910969785942537e+00
4.630374812040450649e+00 1.876788983957893731e+00
